#三板拟转A股
430014
430017
430037
430057
430071
430140
430174
430208
430217
430229
430234
430346
430369
430405
430432
430459
430462
430476
430478
430489
430500
430505
430532
430555
430588
430621
430662
430682
430738
430746
830783
830793
830799
830819
830837
830849
830881
830885
830886
830894
830931
830940
830985
831010
831019
831063
831067
831068
831087
831099
831129
831137
831142
831152
831178
831185
831187
831213
831237
831243
831274
831284
831317
831344
831353
831359
831367
831370
831376
831397
831417
831450
831475
831507
831562
831603
831608
831621
831641
831688
831697
831710
831719
831768
831807
831839
831866
831873
831888
831890
831891
831895
831906
831918
831929
831954
831981
831988
831996
832000
832003
832010
832027
832041
832063
832076
832086
832089
832131
832184
832219
832236
832238
832255
832257
832265
832305
832334
832344
832367
832372
832388
832390
832419
832422
832432
832461
832513
832532
832554
832559
832563
832566
832584
832585
832622
832651
832666
832684
832707
832709
832715
832735
832737
832800
832802
832804
832853
832861
832946
832950
832953
832958
832964
832978
832982
832989
832992
833137
833197
833205
833260
833300
833310
833330
833340
833346
833371
833377
833414
833429
833465
833474
833491
833523
833548
833573
833585
833629
833632
833637
833640
833645
833656
833664
833684
833742
833745
833755
833757
833770
833827
833851
833932
833977
833994
834003
834062
834069
834166
834178
834179
834243
834260
834261
834278
834299
834316
834342
834353
834376
834418
834470
834475
834489
834520
834607
834613
834620
834639
834641
834662
834718
834720
834770
834779
834793
834845
834892
834893
834915
834933
834948
834971
834978
835017
835124
835196
835212
835387
835401
835409
835476
835483
835490
835572
835595
835637
835666
835679
835681
835723
835737
835776
835839
835852
835888
835939
835941
836014
836024
836099
836155
836159
836261
836262
836302
836312
836346
836366
836391
836531
836618
836619
836650
836651
836665
836709
836717
836769
836780
836888
836944
836957
837008
837009
837029
837041
837044
837092
837112
837129
837205
837242
837344
837480
837526
837606
837611
837663
837679
837724
837747
837865
837878
837920
837939
838053
838107
838163
838244
838260
838275
838381
838543
838580
838641
838701
838705
838724
838795
838907
838966
838982
839036
839063
839122
839371
839629
839719
839724
839729
839737
839749
839790
839792
839858
839942
839999
870046
870156
870168
870179
870357
870432
870447
870466
870624
870801
870892
871018
871084
871091
871196
871326
871329
871392
871628
871728
871814
871860
871870
871973
872062
872337
872537
872610
872859
872952
872953
873121
#新进挂牌(近1个月)
873362
873395
873405
873406
873408
873410
873416
873420
873422
#三板成指成分股
430005
430014
430017
430019
430020
430021
430037
430042
430046
430047
430051
430052
430056
430057
430062
430070
430073
430074
430075
430076
430080
430081
430084
430090
430091
430097
430107
430108
430109
430120
430124
430127
430139
430140
430143
430156
430159
430161
430163
430165
430168
430169
430173
430174
430175
430179
430193
430198
430201
430208
430211
430215
430216
430217
430222
430223
430224
430225
430229
430236
430238
430239
430254
430262
430265
430267
430271
430276
430277
430281
430283
430284
430290
430300
430317
430318
430323
430324
430330
430335
430338
430341
430344
430346
430353
430356
430358
430359
430369
430374
430375
430376
430377
430381
430382
430385
430387
430393
430394
430397
430405
430408
430412
430418
430421
430427
430428
430432
430435
430443
430447
430455
430457
430459
430460
430461
430462
430465
430470
430476
430478
430482
430483
430485
430486
430487
430488
430489
430493
430496
430497
430500
430504
430508
430510
430513
430514
430523
430524
430527
430534
430549
430552
430555
430556
430558
430564
430570
430573
430578
430579
430582
430588
430590
430595
430596
430600
430601
430607
430609
430620
430621
430623
430626
430630
430638
430646
430653
430659
430661
430666
430675
430676
430682
430690
430706
430714
430719
430724
430727
430733
430742
430753
430755
430762
830771
830779
830781
830782
830783
830786
830793
830794
830796
830798
830799
830806
830812
830813
830815
830818
830821
830829
830830
830832
830833
830837
830839
830841
830843
830846
830849
830851
830852
830859
830860
830872
830875
830879
830881
830885
830886
830888
830889
830894
830896
830899
830904
830918
830920
830923
830931
830933
830938
830940
830942
830944
830945
830946
830949
830955
830964
830966
830969
830970
830972
830974
830978
830984
830986
830988
830990
830993
830999
831003
831006
831010
831019
831021
831023
831025
831026
831027
831029
831034
831039
831049
831053
831054
831057
831063
831067
831068
831074
831078
831083
831084
831092
831093
831095
831099
831101
831107
831108
831114
831116
831118
831121
831122
831128
831129
831136
831140
831142
831149
831150
831151
831152
831159
831162
831169
831173
831175
831176
831177
831178
831184
831193
831194
831195
831198
831200
831201
831203
831204
831207
831216
831235
831237
831240
831242
831243
831247
831248
831251
831252
831253
831265
831269
831272
831276
831278
831284
831287
831289
831294
831297
831299
831305
831311
831315
831321
831323
831325
831327
831330
831337
831343
831345
831353
831354
831355
831357
831359
831367
831370
831372
831376
831378
831380
831385
831387
831391
831394
831395
831396
831397
831398
831406
831415
831425
831439
831445
831450
831463
831464
831470
831472
831476
831486
831490
831491
831496
831503
831511
831513
831518
831527
831529
831546
831550
831555
831562
831564
831565
831568
831583
831593
831595
831601
831603
831607
831608
831611
831614
831621
831626
831627
831633
831635
831640
831641
831657
831662
831664
831672
831675
831677
831689
831691
831693
831697
831698
831701
831702
831710
831711
831714
831719
831725
831727
831730
831732
831737
831740
831743
831746
831766
831768
831770
831787
831789
831793
831794
831804
831807
831810
831827
831828
831832
831841
831844
831855
831856
831860
831866
831872
831873
831878
831879
831890
831893
831895
831898
831900
831907
831915
831918
831922
831928
831934
831940
831941
831943
831946
831952
831957
831961
831969
831981
831991
831996
831999
832000
832002
832003
832004
832007
832013
832014
832017
832021
832023
832025
832026
832027
832028
832038
832041
832047
832049
832050
832054
832056
832060
832061
832063
832069
832070
832071
832075
832076
832077
832081
832086
832089
832094
832095
832101
832105
832107
832110
832111
832113
832114
832115
832119
832126
832130
832132
832133
832135
832136
832138
832139
832141
832144
832145
832147
832149
832174
832175
832176
832185
832189
832196
832205
832212
832213
832214
832219
832223
832230
832236
832238
832239
832246
832251
832254
832255
832265
832266
832276
832278
832283
832289
832292
832297
832298
832305
832308
832309
832317
832326
832327
832329
832334
832337
832341
832344
832347
832350
832353
832357
832372
832373
832377
832379
832386
832390
832394
832395
832397
832398
832399
832419
832422
832432
832436
832439
832445
832447
832449
832452
832455
832456
832458
832459
832463
832465
832467
832469
832470
832471
832480
832491
832494
832495
832499
832502
832505
832517
832518
832522
832524
832528
832532
832533
832534
832545
832546
832547
832559
832563
832566
832568
832570
832571
832574
832579
832595
832597
832602
832605
832606
832611
832616
832620
832623
832624
832629
832634
832641
832645
832646
832648
832651
832653
832657
832661
832665
832667
832674
832684
832689
832693
832694
832695
832707
832709
832710
832714
832715
832722
832724
832727
832730
832735
832737
832739
832753
832754
832762
832773
832781
832783
832786
832790
832792
832796
832802
832804
832814
832816
832834
832852
832859
832861
832862
832863
832875
832881
832898
832902
832910
832912
832915
832916
832917
832918
832920
832924
832927
832929
832942
832950
832954
832956
832958
832959
832963
832964
832966
832968
832970
832971
832978
832982
832989
832992
832996
833000
833003
833004
833006
833011
833014
833016
833024
833030
833032
833035
833037
833041
833043
833044
833047
833059
833063
833073
833075
833077
833082
833098
833118
833124
833132
833137
833146
833151
833158
833159
833171
833175
833176
833179
833181
833183
833186
833187
833197
833205
833214
833217
833221
833226
833227
833234
833238
833239
833248
833250
833251
833255
833260
833263
833266
833277
833284
833286
833290
833300
833302
833305
833306
833308
833310
833311
833315
833332
833339
833340
833341
833346
833351
833365
833374
833377
833379
833385
833386
833387
833391
833393
833394
833402
833410
833414
833423
833426
833430
833434
833440
833442
833444
833450
833451
833457
833462
833474
833476
833477
833478
833480
833481
833482
833486
833489
833491
833492
833493
833496
833499
833503
833504
833506
833509
833517
833523
833524
833526
833532
833533
833534
833547
833548
833549
833552
833555
833559
833560
833570
833572
833575
833576
833585
833586
833590
833604
833608
833609
833624
833629
833631
833632
833637
833640
833653
833654
833657
833662
833663
833664
833665
833675
833676
833678
833681
833682
833694
833700
833707
833711
833723
833727
833735
833737
833741
833745
833748
833755
833757
833764
833767
833768
833769
833770
833778
833784
833795
833804
833807
833809
833818
833819
833822
833827
833835
833836
833839
833840
833842
833849
833851
833855
833861
833864
833873
833874
833896
833899
833907
833908
833914
833921
833930
833932
833934
833939
833943
833953
833960
833966
833972
833979
833980
833984
833988
833994
833997
834003
834010
834016
834019
834021
834033
834043
834044
834048
834062
834063
834067
834069
834081
834082
834095
834102
834105
834106
834117
834118
834122
834132
834134
834139
834151
834155
834156
834162
834166
834171
834179
834182
834187
834189
834195
834209
834217
834218
834219
834223
834234
834237
834240
834243
834255
834260
834261
834283
834288
834290
834295
834296
834306
834315
834316
834327
834335
834342
834345
834346
834347
834365
834373
834376
834385
834387
834388
834397
834401
834406
834415
834416
834418
834420
834425
834426
834428
834429
834465
834468
834469
834470
834475
834476
834478
834486
834489
834498
834511
834520
834528
834533
834534
834536
834538
834540
834543
834547
834548
834549
834553
834559
834562
834568
834572
834584
834588
834596
834599
834611
834616
834617
834618
834623
834626
834630
834636
834637
834639
834641
834643
834648
834661
834670
834676
834678
834679
834682
834683
834690
834693
834702
834703
834707
834713
834715
834718
834720
834729
834732
834737
834741
834755
834762
834763
834765
834767
834772
834777
834785
834790
834791
834794
834795
834797
834802
834803
834808
834815
834824
834827
834839
834845
834849
834857
834876
834882
834889
834892
834898
834902
834911
834916
834919
834928
834933
834948
834952
834956
834978
834982
834983
834990
835002
835003
835015
835017
835019
835020
835033
835035
835037
835051
835063
835067
835068
835070
835077
835084
835086
835091
835092
835106
835109
835120
835124
835126
835133
835136
835141
835147
835152
835161
835174
835179
835184
835185
835192
835196
835207
835217
835218
835222
835223
835227
835231
835245
835256
835257
835258
835262
835272
835281
835283
835291
835298
835300
835302
835305
835314
835342
835347
835351
835354
835359
835368
835381
835384
835387
835391
835395
835401
835409
835412
835425
835429
835431
835438
835450
835452
835454
835457
835462
835483
835488
835490
835495
835501
835505
835512
835517
835521
835528
835532
835533
835536
835539
835540
835542
835544
835545
835553
835556
835558
835563
835564
835567
835568
835574
835579
835590
835599
835611
835622
835632
835634
835640
835654
835663
835666
835667
835670
835679
835680
835692
835697
835718
835721
835723
835727
835735
835753
835784
835785
835787
835788
835795
835798
835800
835801
835818
835839
835849
835850
835859
835860
835872
835877
835881
835888
835894
835911
835922
835924
835927
835940
835944
835947
835948
835950
835968
835982
835983
835985
835987
835990
835995
836001
836008
836011
836012
836014
836015
836021
836027
836030
836032
836033
836036
836052
836058
836066
836077
836079
836081
836089
836090
836108
836109
836113
836127
836131
836134
836149
836151
836153
836155
836172
836190
836209
836228
836232
836248
836253
836257
836260
836261
836262
836263
836266
836277
836281
836286
836297
836302
836328
836330
836339
836344
836346
836348
836350
836361
836366
836373
836377
836379
836391
836392
836419
836421
836426
836435
836455
836460
836466
836473
836504
836505
836509
836521
836529
836531
836533
836534
836545
836552
836581
836584
836589
836590
836594
836595
836597
836610
836613
836619
836645
836650
836653
836667
836668
836674
836675
836679
836680
836686
836688
836694
836703
836704
836709
836711
836717
836718
836734
836741
836759
836763
836767
836769
836775
836780
836781
836785
836792
836800
836807
836809
836810
836812
836823
836825
836836
836847
836848
836853
836859
836870
836903
836909
836910
836911
836918
836930
836941
836942
836949
836957
836964
836976
836989
837003
837006
837009
837012
837014
837018
837022
837023
837045
837062
837069
837083
837090
837092
837108
837116
837133
837134
837138
837141
837144
837153
837181
837182
837191
837193
837212
837217
837233
837242
837249
837254
837276
837283
837291
837299
837302
837304
837319
837321
837324
837331
837333
837345
837353
837368
837372
837375
837396
837402
837409
837422
837424
837425
837429
837443
837447
837455
837459
837461
837472
837473
837480
837492
837500
837503
837506
837510
837512
837521
837524
837526
837529
837538
837542
837548
837567
837592
837593
837599
837601
837602
837605
837611
837626
837627
837638
837639
837651
837666
837673
837692
837694
837699
837707
837713
837717
837724
837729
837736
837740
837745
837747
837755
837761
837762
837770
837778
837781
837784
837795
837796
837801
837814
837833
837835
837836
837840
837852
837855
837856
837865
837870
837891
837893
837894
837899
837920
837929
837940
837941
837950
837955
837961
837962
838006
838018
838030
838033
838050
838053
838058
838107
838115
838122
838141
838146
838159
838163
838171
838176
838195
838210
838239
838244
838246
838257
838260
838263
838275
838282
838292
838293
838317
838324
838331
838337
838349
838364
838369
838379
838381
838399
838410
838413
838428
838443
838460
838463
838464
838476
838484
838504
838517
838518
838526
838531
838533
838537
838543
838545
838549
838558
838560
838561
838564
838566
838570
838571
838593
838600
838606
838607
838613
838641
838650
838651
838661
838665
838670
838685
838694
838696
838701
838705
838708
838732
838753
838764
838774
838795
838810
838812
838817
838823
838843
838849
838855
838856
838857
838858
838877
838883
838909
838924
838934
838941
838943
838944
838952
838971
838972
838978
838980
838981
838982
838988
838989
838994
839009
839010
839020
839030
839032
839037
839038
839044
839056
839068
839077
839085
839093
839120
839121
839122
839123
839135
839140
839143
839158
839163
839164
839181
839194
839202
839204
839211
839213
839224
839229
839242
839246
839254
839258
839259
839264
839271
839275
839276
839284
839291
839296
839302
839306
839344
839367
839376
839386
839391
839392
839408
839411
839432
839452
839459
839463
839482
839483
839493
839501
839502
839505
839507
839520
839535
839540
839551
839567
839584
839600
839607
839640
839646
839655
839664
839666
839678
839680
839682
839684
839711
839718
839719
839723
839729
839737
839750
839756
839759
839765
839768
839774
839777
839790
839792
839797
839798
839805
839806
839808
839813
839820
839826
839838
839864
839868
839874
839884
839885
839893
839898
839911
839913
839926
839928
839930
839938
839939
839942
839946
839949
839951
839955
839977
839984
870001
870035
870037
870040
870043
870046
870055
870058
870080
870107
870120
870139
870140
870144
870157
870162
870164
870168
870170
870171
870188
870193
870213
870219
870227
870229
870241
870243
870257
870264
870270
870278
870285
870293
870309
870336
870339
870345
870358
870381
870382
870404
870419
870429
870431
870436
870438
870447
870455
870479
870488
870509
870510
870512
870517
870530
870531
870550
870558
870566
870567
870577
870592
870614
870631
870632
870641
870643
870645
870650
870669
870685
870689
870702
870705
870706
870711
870721
870725
870728
870757
870773
870777
870790
870803
870805
870809
870812
870817
870821
870830
870840
870847
870849
870859
870864
870869
870872
870881
870890
870908
870928
870952
870958
870965
870984
871002
871018
871019
871022
871033
871056
871069
871071
871081
871084
871091
871099
871102
871120
871122
871126
871129
871139
871144
871149
871172
871177
871186
871188
871195
871201
871215
871219
871223
871231
871248
871255
871257
871281
871285
871298
871313
871314
871326
871329
871346
871348
871350
871373
871376
871392
871396
871429
871453
871457
871460
871462
871481
871510
871541
871542
871546
871547
871553
871561
871565
871575
871588
871621
871622
871628
871631
871636
871642
871644
871660
871671
871683
871696
871699
871703
871705
871710
871717
871728
871732
871741
871758
871814
871818
871833
871856
871860
871874
871879
871912
871915
871927
871934
871956
871970
871973
871980
872023
872034
872045
872049
872061
872099
872102
872109
872123
872132
872139
872149
872164
872165
872166
872170
872178
872186
872199
872200
872211
872217
872222
872238
872242
872244
872250
872256
872265
872284
872313
872315
872322
872333
872351
872358
872366
872369
872374
872380
872386
872387
872405
872438
872446
872461
872505
872507
872516
872518
872521
872541
872568
872595
872598
872628
872645
872652
872665
872666
872707
872731
872743
872745
872748
872775
872776
872777
872795
872807
872808
872812
872820
872827
872871
872882
872946
872967
872972
872987
873008
873041
873053
873087
873089
873101
873130
873151
873187
873199
873201
873211
873247
873250
873293
#三板做市成分股
430021
430037
430038
430046
430051
430054
430062
430074
430080
430097
430124
430139
430140
430163
430174
430208
430211
430222
430223
430225
430236
430300
430318
430328
430330
430335
430353
430356
430358
430374
430375
430376
430377
430382
430385
430394
430408
430418
430460
430462
430465
430485
430489
430493
430496
430497
430555
430556
430558
430578
430582
430595
430600
430601
430609
430623
430675
430676
430680
430730
430733
430755
830771
830779
830806
830813
830815
830818
830821
830830
830837
830843
830881
830899
830931
830933
830938
830944
830945
830949
830966
830978
830988
830990
830999
831019
831039
831049
831068
831074
831114
831118
831129
831171
831177
831242
831248
831253
831265
831276
831287
831299
831305
831311
831327
831345
831354
831378
831385
831387
831439
831445
831472
831503
831513
831527
831529
831546
831550
831562
831568
831583
831601
831631
831662
831698
831710
831711
831723
831737
831743
831844
831873
831878
831890
831900
831928
831940
831941
831961
832004
832007
832023
832026
832028
832041
832047
832060
832120
832132
832135
832138
832139
832149
832175
832189
832236
832297
832308
832317
832327
832329
832379
832390
832397
832399
832447
832449
832455
832471
832499
832522
832532
832555
832566
832571
832645
832710
832735
832753
832786
832859
832898
832971
832989
832996
833004
833014
833132
833146
833181
833183
833186
833205
833266
833282
833290
833311
833339
833442
833503
833575
833586
833665
833694
833767
833770
833819
833832
833874
833960
834082
834117
834295
834303
834415
834511
834528
834534
834553
834626
834718
834729
834996
835092
835136
835184
835185
835381
835462
835483
835505
835539
835579
835692
836030
836052
836232
836263
836346
836466
836680
836694
836800
836859
837182
837212
837422
837443
837472
837784
837920
838006
838053
838641
838972
839056
839264
839271
839483
839655
839951
839955
870040
870107
870171
870381
871326
872351
#创新成指
430005
430021
430037
430046
430051
430062
430075
430090
430097
430139
430140
430173
430174
430198
430208
430222
430225
430236
430276
430300
430318
430330
430335
430356
430374
430376
430377
430394
430405
430408
430418
430459
430485
430489
430523
430539
430552
430555
430556
430578
430595
430659
430675
430682
430714
430755
830777
830793
830799
830809
830813
830815
830818
830832
830837
830879
830881
830894
830933
830938
830946
830964
830966
830974
830978
830988
830993
830999
831019
831049
831053
831057
831063
831067
831083
831099
831108
831114
831129
831142
831152
831173
831175
831177
831207
831235
831242
831243
831248
831253
831287
831305
831311
831345
831353
831370
831378
831385
831445
831450
831511
831513
831546
831550
831562
831583
831601
831603
831672
831697
831698
831710
831711
831866
831873
831890
831900
831929
831940
831943
831961
831981
831999
832003
832028
832041
832047
832063
832075
832081
832086
832126
832132
832139
832149
832175
832196
832214
832230
832236
832246
832265
832276
832278
832280
832283
832317
832327
832390
832397
832398
832399
832422
832432
832449
832452
832491
832522
832532
832566
832571
832602
832616
832620
832645
832646
832693
832705
832735
832783
832786
832792
832802
832814
832859
832898
832910
832918
832924
832927
832929
832958
832966
832971
832978
832982
833004
833014
833047
833132
833183
833186
833197
833255
833266
833308
833379
833414
833442
833482
833493
833503
833559
833631
833682
833694
833755
833757
833819
833827
833833
833840
833874
833896
833914
833994
833997
834019
834021
834082
834122
834134
834179
834303
834342
834385
834415
834425
834489
834534
834618
834631
834678
834682
834683
834713
834720
834729
834802
834803
834845
834898
835033
835092
835093
835184
835185
835298
835300
835351
835359
835368
835387
835483
835654
835911
835961
835990
835995
836030
836052
836108
836127
836263
836330
836346
836433
836455
836589
836610
836645
836675
836792
836800
836859
837062
837321
837422
837500
837567
837747
837770
837796
837935
838030
838053
838163
838349
838564
838570
838641
838924
838972
839056
839123
839181
839483
839646
839719
839729
839737
839884
839946
839951
870040
870162
870270
870382
870510
870614
870643
870706
870984
871177
871195
871481
871642
871703
872034
872049
872186
872351
#三板龙头
430223
430225
430335
430463
830777
830990
831080
831873
831891
831971
833371
833503
833737
833819
834179
834429
834489
834616
834718
834793
835092
835124
835138
835222
835281
835483
835776
836361
836686
836930
837542
837736
838006
839121
839201
839264
839955
839977
870046
870453
870466
870517
870643
870890
870950
871460
871658
871710
872664
872987
#三板制造
430017
430022
430038
430075
430175
430198
430234
430276
430328
430340
430353
430461
430476
430479
430491
430549
430556
430755
830815
830840
830879
831175
831251
831255
831274
831284
831394
831425
831486
831793
831895
831958
831961
832149
832205
832276
832283
832423
832432
832491
832502
832602
832606
832735
832770
832876
832992
833047
833124
833221
833331
833426
833477
833504
833509
833682
833768
833839
833884
833972
834110
834115
834298
834433
834520
834713
834804
834839
834948
835351
835421
835572
836266
836466
836888
837375
837506
837611
837638
837920
838168
838234
838645
839729
839732
839956
870209
870301
870319
870348
870447
870790
870869
870976
871018
871053
871346
872320
872496
872799
#三板服务
430021
430032
430046
430051
430052
430062
430066
430071
430073
430076
430077
430080
430086
430127
430130
430152
430161
430169
430177
430178
430191
430208
430229
430238
430253
430258
430267
430290
430325
430330
430368
430374
430457
430467
430470
430494
430500
430511
430515
430601
430609
430638
430653
830799
830892
830942
830972
830978
831021
831030
831049
831071
831083
831101
831129
831185
831198
831206
831287
831317
831428
831483
831546
831583
831601
831631
831829
831885
831937
832028
832041
832086
832135
832171
832282
832296
832325
832422
832570
832571
832624
832643
832715
832722
832781
832800
832828
832871
832950
832966
833029
833030
833175
833181
833205
833277
833500
833534
833574
833629
833683
833694
833711
833849
833937
834046
834048
834156
834195
834218
834255
834342
834376
834385
834473
834534
834546
834596
834613
834762
834785
834791
834806
834832
834873
834878
834911
835013
835067
835152
835184
835191
835305
835311
835363
835381
835539
835670
835963
836012
836014
836056
836261
836277
836306
836399
836592
836803
836840
836870
836949
837011
837014
837069
837274
837592
837606
837619
837762
837929
838208
838395
838413
838470
838699
838758
838895
838934
838966
839007
839036
839086
839182
839333
839483
839497
839507
839509
839680
839885
839951
870019
870111
870167
870221
870650
870702
870705
870716
870739
870833
870840
870902
871142
871155
872102
872139
872467
872516
873180
#三板医药
430017
430175
430353
430369
830931
831186
831193
831265
831271
831425
831793
831878
832126
832205
832276
832566
832586
832735
832996
833012
833211
833266
833379
833464
833575
833833
834239
834298
834383
834432
834804
834839
834915
835033
835037
835572
837344
838641
838645
839729
839732
870447
870625
870859
871194
871392
872320
872683
872799
872952
#三板消费
430223
430370
430461
430508
430532
430578
430666
430730
430733
430755
830828
830837
830896
830923
830929
831118
831150
831204
831211
831237
831278
831290
831292
831336
831376
831439
831445
831567
831568
831603
831641
831710
831726
831891
831898
831932
832000
832023
832050
832076
832119
832139
832181
832305
832332
832419
832432
832465
832506
832559
832730
832737
832786
832873
832898
832978
833016
833137
833146
833429
833442
833451
833503
833533
833585
833627
833632
833663
833707
833737
833865
833874
833877
833997
834044
834072
834155
834260
834462
834476
834630
834687
834729
834765
834793
834794
834795
834886
834902
834956
834971
835003
835104
835491
835536
835582
835735
835910
835914
835948
836227
836374
836379
836405
836456
836531
836823
836826
836860
836864
837009
837023
837151
837199
837215
837233
837242
837333
837491
837581
837582
837647
837674
837736
837742
837931
838009
838158
838171
838200
838236
838262
838275
838381
838443
838504
838649
838798
838807
838812
838820
838858
838905
838989
838994
839024
839133
839241
839264
839273
839387
839438
839463
839616
839756
839808
839840
839884
870001
870003
870104
870120
870122
870156
870171
870178
870207
870257
870262
870292
870618
870774
870781
870814
870968
871247
871412
871565
871740
871860
871992
872004
872037
872082
872117
872258
872395
872408
872420
872475
872560
872605
872706
872738
872983
872987
873076
873107
873125
873177
#三板研发
430005
430021
430051
430052
430066
430071
430127
430139
430208
430376
830771
830777
830806
830815
830881
830972
830978
831265
831284
831343
831385
831550
831688
831710
831768
831888
831928
832135
832149
832196
832219
832325
832327
832397
832398
832422
832432
832624
832715
832722
832800
832924
832950
833047
833175
833221
833444
833526
833547
833645
833684
833694
833711
833719
833819
833839
833849
833972
833994
834156
834195
834261
834278
834295
834298
834385
834520
834607
834613
834639
834682
834785
834793
834873
835067
835185
835302
835930
835941
835963
836012
836239
837069
837567
837638
839483
839821
839951
870447
870650
870705
871018
871282
871392
871860
871976
872122
872516
872801
873158
#三板活跃
430005
430074
430127
430139
430140
430208
430223
430225
430356
430394
430462
830806
830881
830931
830933
831049
831063
831265
831450
831550
831710
831890
831961
832149
832317
832399
832422
832645
832715
832898
832924
832982
833575
833694
833972
833994
834082
834342
834678
834777
835092
835185
835351
835368
837567
839729
839737
839951
839955
871392
